#          omega_b,        omega_cdm,               H0,              n_s,              A_s,         tau_reio,            w_new,        Omega_new,                M,        A_cib_217,        xi_sz_cib,             A_sz,     ps_A_100_100,     ps_A_143_143,     ps_A_143_217,     ps_A_217_217,         ksz_norm,     gal545_A_100,     gal545_A_143, gal545_A_143_217,     gal545_A_217,    galf_TE_A_100, galf_TE_A_100_143, galf_TE_A_100_217,    galf_TE_A_143, galf_TE_A_143_217,    galf_TE_A_217,       calib_100T,       calib_217T,         A_planck,           z_reio,     Omega_Lambda,              YHe,      100*theta_s,           sigma8,          Omega_m,           rs_rec,           da_rec,              age
 1.934965e-08	 5.370257e-08	 4.216986e-05	-4.326191e-08	 3.666779e-17	 8.068239e-08	 6.398072e-07	-1.855531e-10	 1.173842e-06	-4.926928e-05	 1.068925e-06	 1.387317e-05	-2.237874e-04	-1.046313e-04	 4.972229e-07	 4.161533e-05	-2.575394e-05	-2.526667e-06	-7.856351e-06	-9.648189e-06	-1.557868e-06	-6.902497e-08	-2.394671e-08	-5.026348e-08	-1.335043e-07	-3.570400e-07	-1.802787e-06	 2.240314e-09	-1.455537e-09	 7.738372e-09	 4.636895e-06	 2.058227e-07	 8.144015e-09	-1.425334e-09	 2.112361e-08	-2.056809e-07	-4.326715e-05	-3.598312e-06	-5.226770e-06	
 5.370257e-08	 6.936845e-06	 1.465399e-03	 1.694452e-06	-1.215753e-14	-3.098366e-06	 9.082547e-06	 5.067264e-09	 4.341286e-05	 2.284990e-03	-4.044612e-05	-6.183546e-04	 1.058726e-02	 5.680851e-03	 1.507880e-03	-4.256655e-04	 1.157233e-03	 6.807180e-05	 1.558092e-04	 5.631263e-05	-6.995867e-04	 4.683061e-07	 2.821099e-07	-5.759167e-07	 2.671855e-06	 3.337907e-06	 1.059721e-05	-4.232061e-08	 6.122151e-08	-2.441774e-07	-1.861161e-04	-1.552355e-06	 2.261448e-08	 5.232230e-07	 1.134662e-05	 1.553734e-06	-3.094004e-03	-2.844984e-04	-2.905781e-04	
 4.216986e-05	 1.465399e-03	 4.903234e-01	 9.292577e-04	-1.118519e-12	 1.359297e-05	 2.709418e-03	 1.028351e-06	 1.398731e-02	 4.666117e-01	-7.927917e-03	-1.239913e-01	 2.160962e+00	 1.150816e+00	 3.434240e-01	-5.024738e-02	 2.363559e-01	 1.707804e-02	 3.294506e-02	-1.026392e-03	-1.762477e-01	-1.292371e-04	 6.045808e-05	-3.035149e-04	 3.645136e-04	 1.989033e-04	-6.238296e-04	-7.119000e-06	 1.146014e-05	-3.992620e-05	 2.097856e-02	 1.105808e-03	 1.774999e-05	 1.358964e-04	 2.433058e-03	-1.105123e-03	-7.320079e-01	-6.696251e-02	-7.693393e-02	
-4.326191e-08	 1.694452e-06	 9.292577e-04	 1.838842e-05	 3.073722e-14	 5.463721e-06	-2.098636e-05	 1.249222e-08	 2.571042e-05	-2.728525e-03	 6.213754e-05	 6.825274e-04	-1.669992e-02	-2.427221e-03	 3.105049e-03	 4.625023e-03	-1.720025e-03	 3.897485e-04	-2.076487e-04	-1.719475e-04	 7.545806e-04	-1.923908e-06	 1.609750e-06	 1.029507e-06	 3.057939e-06	 1.753350e-06	 2.086534e-05	-1.179140e-07	-2.409991e-08	-5.321516e-07	 5.914216e-04	 4.457608e-06	-1.826811e-08	 6.381062e-07	 1.290626e-05	-4.459393e-06	-9.057063e-04	-8.990829e-05	-1.166229e-04	
 3.666779e-17	-1.215753e-14	-1.118519e-12	 3.073722e-14	 1.058038e-21	 2.188287e-13	-8.989273e-14	 2.374224e-17	-3.758787e-14	-9.201851e-12	 2.101650e-13	 2.473438e-12	-4.629138e-11	-1.947616e-11	 4.456013e-13	 1.274477e-11	-6.081245e-12	-9.639128e-13	-1.528577e-12	-1.619621e-12	 3.604333e-12	-4.359181e-15	-1.310268e-15	 1.522447e-14	-6.572762e-15	-1.701144e-14	 8.935386e-14	 5.384442e-17	-4.158104e-16	 1.930135e-14	 2.160640e-11	 1.450902e-14	 1.531417e-17	 6.443565e-16	 1.865260e-13	-1.451802e-14	 4.982475e-12	 4.418849e-13	 3.872625e-13	
 8.068239e-08	-3.098366e-06	 1.359297e-05	 5.463721e-06	 2.188287e-13	 5.501950e-05	-4.035944e-06	-1.484868e-09	-1.627424e-06	-2.657988e-03	 3.333023e-05	 7.073740e-04	-1.530238e-02	-5.825291e-03	-9.455485e-04	 9.426088e-04	-1.319225e-03	-1.099498e-04	-1.462739e-04	-1.281347e-04	 3.771447e-04	-1.446482e-06	-7.890050e-07	 4.889786e-06	-3.574678e-06	-2.342846e-06	 7.194746e-06	-4.910256e-08	-1.042183e-07	-1.623294e-06	 5.416705e-03	 6.024139e-06	 3.394910e-08	-1.580408e-07	 3.679348e-05	-6.023574e-06	 1.096004e-03	 1.021189e-04	 7.283477e-05	
 6.398072e-07	 9.082547e-06	 2.709418e-03	-2.098636e-05	-8.989273e-14	-4.035944e-06	 1.185733e-04	-3.665735e-08	 7.874490e-05	 1.448380e-03	-1.199900e-05	-6.464283e-04	 8.274580e-03	 7.340872e-03	 3.909812e-03	 2.679429e-03	 5.522908e-04	-1.564975e-04	-2.767150e-04	-2.634437e-04	-7.805378e-04	 3.626406e-06	-5.766071e-07	-2.954119e-07	 1.150120e-06	 2.543570e-06	-4.940281e-05	 1.439415e-08	 1.775489e-08	 3.586905e-07	-3.713203e-04	 3.360031e-06	 2.695906e-07	-9.105885e-07	-5.046980e-06	-3.343724e-06	-4.742497e-03	-4.064697e-04	-4.601016e-04	
-1.855531e-10	 5.067264e-09	 1.028351e-06	 1.249222e-08	 2.374224e-17	-1.484868e-09	-3.665735e-08	 2.289856e-11	 3.030416e-08	 2.443225e-06	-5.139826e-08	-5.217068e-07	 1.043100e-05	 4.345234e-06	 3.521695e-07	-1.677237e-06	 1.288142e-06	 1.823460e-07	 3.405679e-07	 1.966639e-07	-6.235778e-07	-1.013905e-09	 9.503990e-10	-8.525579e-10	 3.298895e-09	 2.524367e-09	 3.399094e-08	-6.411013e-11	 6.937859e-11	-4.327669e-10	-4.861419e-09	-1.040562e-09	-7.822732e-11	 1.059711e-09	 1.663031e-08	 1.035802e-09	-2.097646e-06	-2.048672e-07	-2.037412e-07	
 1.173842e-06	 4.341286e-05	 1.398731e-02	 2.571042e-05	-3.758787e-14	-1.627424e-06	 7.874490e-05	 3.030416e-08	 4.170022e-04	 1.387508e-02	-2.305845e-04	-3.634283e-03	 6.361889e-02	 3.406734e-02	 1.022970e-02	-1.639305e-03	 6.964872e-03	 4.791443e-04	 9.113718e-04	-1.012872e-05	-5.161907e-03	-4.321831e-06	 1.316392e-06	-1.029014e-05	 1.199475e-05	 8.534690e-06	-1.566248e-06	-2.223601e-07	 3.333591e-07	-1.133805e-06	 4.348598e-04	 2.845829e-05	 4.940989e-07	 3.939940e-06	 7.192441e-05	-2.843907e-05	-2.146078e-02	-1.963742e-03	-2.233418e-03	
-4.926928e-05	 2.284990e-03	 4.666117e-01	-2.728525e-03	-9.201851e-12	-2.657988e-03	 1.448380e-03	 2.443225e-06	 1.387508e-02	 4.533498e+01	-4.040328e-01	-8.770866e-01	 3.747232e+01	 2.986001e+00	-1.322875e+01	-5.500671e+01	-6.373555e-04	 2.738680e-01	 6.240391e-01	-5.818796e+00	-3.347620e+01	 1.166558e-03	-3.779653e-05	 3.050667e-03	 1.650641e-03	-3.158291e-03	-5.054844e-03	-2.007044e-04	 7.414890e-04	 8.245024e-04	-2.086340e-01	-5.199400e-04	-2.074343e-05	 2.382640e-04	 1.743523e-03	 5.201351e-04	-9.825167e-01	-9.214608e-02	-9.292156e-02	
 1.068925e-06	-4.044612e-05	-7.927917e-03	 6.213754e-05	 2.101650e-13	 3.333023e-05	-1.199900e-05	-5.139826e-08	-2.305845e-04	-4.040328e-01	 8.193062e-02	-6.219239e-02	-4.511292e-01	 8.301999e-01	 1.529533e+00	 5.746471e-01	 6.488199e-02	-8.116532e-03	 5.126852e-03	 8.760502e-02	 1.350252e-01	-7.301321e-05	-2.338439e-05	-1.631776e-05	-8.820679e-05	-5.029055e-05	 2.590748e-04	 3.367394e-06	-1.419195e-06	 8.664043e-06	 2.209628e-03	 1.167995e-05	 4.500627e-07	-4.671548e-06	-1.758830e-05	-1.168035e-05	 1.720289e-02	 1.622620e-03	 1.618552e-03	
 1.387317e-05	-6.183546e-04	-1.239913e-01	 6.825274e-04	 2.473438e-12	 7.073740e-04	-6.464283e-04	-5.217068e-07	-3.634283e-03	-8.770866e-01	-6.219239e-02	 4.239187e+00	-3.295129e+01	-3.523327e+00	 8.403236e+00	 6.106164e+00	-3.442265e+00	-2.179857e-01	 1.718536e-01	 2.830423e+00	 3.514340e+00	 8.872319e-05	-2.030344e-04	 2.539808e-04	 4.330666e-04	 5.238699e-04	-1.882513e-03	 1.096852e-04	-4.929614e-05	-8.757155e-05	 5.496213e-02	 1.559189e-04	 5.839680e-06	-5.445145e-05	-5.028079e-04	-1.560080e-04	 2.652122e-01	 2.475948e-02	 2.488106e-02	
-2.237874e-04	 1.058726e-02	 2.160962e+00	-1.669992e-02	-4.629138e-11	-1.530238e-02	 8.274580e-03	 1.043100e-05	 6.361889e-02	 3.747232e+01	-4.511292e-01	-3.295129e+01	 8.085572e+02	 7.572071e+01	-5.637291e+01	-6.287769e+01	 1.861348e+01	-6.599434e+00	 5.667813e+00	-1.315801e+01	-2.555784e+01	 3.311355e-03	 9.292271e-04	-1.982951e-03	 3.955253e-03	 1.129172e-03	 1.863706e-02	 3.805690e-03	 6.430589e-04	 4.700156e-03	-1.265349e+00	-2.390054e-03	-9.420537e-05	 1.019262e-03	 5.964619e-03	 2.391219e-03	-4.555653e+00	-4.261357e-01	-4.299287e-01	
-1.046313e-04	 5.680851e-03	 1.150816e+00	-2.427221e-03	-1.947616e-11	-5.825291e-03	 7.340872e-03	 4.345234e-06	 3.406734e-02	 2.986001e+00	 8.301999e-01	-3.523327e+00	 7.572071e+01	 6.458428e+01	 3.994351e+01	 1.584893e+01	-4.729719e+00	-4.219373e-01	-1.279216e+00	 3.592993e+00	 4.519367e+00	 6.729156e-04	 2.398087e-03	-3.503640e-03	 3.690100e-03	 4.891811e-03	 3.149487e-02	 4.489616e-05	 1.761071e-04	 8.570950e-04	-4.452389e-01	-1.388611e-03	-4.402692e-05	 4.725544e-04	 6.542224e-03	 1.389584e-03	-2.455446e+00	-2.285178e-01	-2.303723e-01	
 4.972229e-07	 1.507880e-03	 3.434240e-01	 3.105049e-03	 4.456013e-13	-9.455485e-04	 3.909812e-03	 3.521695e-07	 1.022970e-02	-1.322875e+01	 1.529533e+00	 8.403236e+00	-5.637291e+01	 3.994351e+01	 8.480598e+01	 5.614183e+01	-1.362366e+01	-9.150843e-01	-7.062351e-01	 5.346864e+00	 9.443782e+00	-2.239473e-04	 7.691746e-04	 1.396080e-03	 4.492305e-03	 6.798517e-03	 1.864280e-02	 4.053945e-04	-3.767221e-04	 4.846681e-04	-6.613073e-02	-1.087462e-04	 2.224515e-07	 7.481778e-05	 4.020095e-03	 1.093188e-04	-6.818844e-01	-6.234180e-02	-6.488953e-02	
 4.161533e-05	-4.256655e-04	-5.024738e-02	 4.625023e-03	 1.274477e-11	 9.426088e-04	 2.679429e-03	-1.677237e-06	-1.639305e-03	-5.500671e+01	 5.746471e-01	 6.106164e+00	-6.287769e+01	 1.584893e+01	 5.614183e+01	 1.062513e+02	-1.101947e+01	-8.147412e-01	-1.277689e+00	 5.969031e+00	 3.396960e+01	-9.330081e-04	 1.304080e-03	-3.049966e-03	 4.045526e-03	 1.098698e-02	 2.756084e-02	 4.622185e-04	-1.357450e-03	 1.153067e-03	 7.644259e-02	 3.411208e-04	 1.752593e-05	-1.226757e-04	 3.164776e-03	-3.407207e-04	 1.494607e-01	 1.557020e-02	 1.363456e-02	
-2.575394e-05	 1.157233e-03	 2.363559e-01	-1.720025e-03	-6.081245e-12	-1.319225e-03	 5.522908e-04	 1.288142e-06	 6.964872e-03	-6.373555e-04	 6.488199e-02	-3.442265e+00	 1.861348e+01	-4.729719e+00	-1.362366e+01	-1.101947e+01	 7.283387e+00	 1.584296e-01	-1.697921e-01	-2.466840e+00	-2.819402e+00	 1.983041e-05	-5.450339e-04	-2.559910e-04	-1.383725e-03	-1.048464e-03	-1.467205e-03	-9.699678e-05	 1.898482e-05	 6.734407e-05	-1.028629e-01	-2.580120e-04	-1.083804e-05	 1.185110e-04	 4.705153e-04	 2.580950e-04	-4.966688e-01	-4.656868e-02	-4.695254e-02	
-2.526667e-06	 6.807180e-05	 1.707804e-02	 3.897485e-04	-9.639128e-13	-1.099498e-04	-1.564975e-04	 1.823460e-07	 4.791443e-04	 2.738680e-01	-8.116532e-03	-2.179857e-01	-6.599434e+00	-4.219373e-01	-9.150843e-01	-8.147412e-01	 1.584296e-01	 3.356097e+00	 5.482312e-01	 1.613757e-01	 7.732751e-02	-8.824054e-04	 1.922325e-04	 6.175201e-04	 3.697675e-04	-9.797492e-04	-3.493452e-03	 1.746342e-04	 1.051799e-05	 1.509860e-06	-8.706199e-03	 1.165831e-05	-1.067620e-06	 1.066763e-05	 5.922966e-05	-1.167761e-05	-3.006467e-02	-2.875174e-03	-3.020198e-03	
-7.856351e-06	 1.558092e-04	 3.294506e-02	-2.076487e-04	-1.528577e-12	-1.462739e-04	-2.767150e-04	 3.405679e-07	 9.113718e-04	 6.240391e-01	 5.126852e-03	 1.718536e-01	 5.667813e+00	-1.279216e+00	-7.062351e-01	-1.277689e+00	-1.697921e-01	 5.482312e-01	 3.164392e+00	 2.726636e+00	 2.736514e+00	 3.943408e-04	-1.775268e-04	-5.075203e-05	 2.929529e-04	 2.769777e-04	 2.441969e-03	-1.699753e-04	-3.128088e-05	-3.162455e-05	-1.004856e-02	-1.769951e-05	-3.312879e-06	 2.492061e-05	-7.718059e-05	 1.766407e-05	-6.478119e-02	-6.252496e-03	-6.310405e-03	
-9.648189e-06	 5.631263e-05	-1.026392e-03	-1.719475e-04	-1.619621e-12	-1.281347e-04	-2.634437e-04	 1.966639e-07	-1.012872e-05	-5.818796e+00	 8.760502e-02	 2.830423e+00	-1.315801e+01	 3.592993e+00	 5.346864e+00	 5.969031e+00	-2.466840e+00	 1.613757e-01	 2.726636e+00	 1.097011e+01	 1.959032e+01	 1.791716e-04	-3.223460e-04	-3.524385e-03	-5.964975e-04	 4.100244e-04	 9.212837e-03	-1.279082e-05	 4.119700e-04	-9.429184e-05	-9.853398e-03	-1.003822e-04	-4.064215e-06	 1.043508e-05	-2.358061e-04	 1.003204e-04	-1.607103e-02	-1.716612e-03	-1.083623e-03	
-1.557868e-06	-6.995867e-04	-1.762477e-01	 7.545806e-04	 3.604333e-12	 3.771447e-04	-7.805378e-04	-6.235778e-07	-5.161907e-03	-3.347620e+01	 1.350252e-01	 3.514340e+00	-2.555784e+01	 4.519367e+00	 9.443782e+00	 3.396960e+01	-2.819402e+00	 7.732751e-02	 2.736514e+00	 1.959032e+01	 5.400784e+01	 3.718161e-04	-2.258484e-04	-8.382018e-03	-1.557311e-03	 9.749395e-04	 1.599088e-02	 7.751558e-05	 9.214681e-04	 5.469522e-04	 2.348038e-02	-8.310489e-05	-6.482094e-07	-7.352726e-05	-3.227815e-04	 8.293797e-05	 3.193935e-01	 2.964644e-02	 3.155399e-02	
-6.902497e-08	 4.683061e-07	-1.292371e-04	-1.923908e-06	-4.359181e-15	-1.446482e-06	 3.626406e-06	-1.013905e-09	-4.321831e-06	 1.166558e-03	-7.301321e-05	 8.872319e-05	 3.311355e-03	 6.729156e-04	-2.239473e-04	-9.330081e-04	 1.983041e-05	-8.824054e-04	 3.943408e-04	 1.791716e-04	 3.718161e-04	 1.463739e-03	 2.742387e-04	 1.073917e-04	-3.603964e-04	-1.205599e-04	-5.363926e-05	 9.667629e-08	 8.887258e-08	 7.058883e-07	-1.200915e-04	-1.853222e-06	-2.904159e-08	-3.764941e-08	 1.861102e-07	 1.853244e-06	-1.072470e-04	-1.024850e-05	 3.429287e-07	
-2.394671e-08	 2.821099e-07	 6.045808e-05	 1.609750e-06	-1.310268e-15	-7.890050e-07	-5.766071e-07	 9.503990e-10	 1.316392e-06	-3.779653e-05	-2.338439e-05	-2.030344e-04	 9.292271e-04	 2.398087e-03	 7.691746e-04	 1.304080e-03	-5.450339e-04	 1.922325e-04	-1.775268e-04	-3.223460e-04	-2.258484e-04	 2.742387e-04	 8.660616e-04	 4.415988e-05	 7.324623e-04	 3.504472e-05	-7.074155e-04	-5.798485e-08	 7.538364e-09	 3.397741e-07	-7.291076e-05	-3.373525e-09	-1.011965e-08	 8.236340e-08	 8.382811e-07	 3.215919e-09	-1.100521e-04	-1.124929e-05	-1.135556e-05	
-5.026348e-08	-5.759167e-07	-3.035149e-04	 1.029507e-06	 1.522447e-14	 4.889786e-06	-2.954119e-07	-8.525579e-10	-1.029014e-05	 3.050667e-03	-1.631776e-05	 2.539808e-04	-1.982951e-03	-3.503640e-03	 1.396080e-03	-3.049966e-03	-2.559910e-04	 6.175201e-04	-5.075203e-05	-3.524385e-03	-8.382018e-03	 1.073917e-04	 4.415988e-05	 7.137380e-03	-2.836134e-04	 6.290984e-04	 4.325915e-03	-1.150592e-07	-3.868057e-08	-7.976105e-07	 4.877386e-04	-1.260080e-06	-2.122816e-08	-5.514044e-08	 2.874539e-06	 1.259688e-06	 3.429798e-04	 3.081567e-05	 4.008021e-05	
-1.335043e-07	 2.671855e-06	 3.645136e-04	 3.057939e-06	-6.572762e-15	-3.574678e-06	 1.150120e-06	 3.298895e-09	 1.199475e-05	 1.650641e-03	-8.820679e-05	 4.330666e-04	 3.955253e-03	 3.690100e-03	 4.492305e-03	 4.045526e-03	-1.383725e-03	 3.697675e-04	 2.929529e-04	-5.964975e-04	-1.557311e-03	-3.603964e-04	 7.324623e-04	-2.836134e-04	 2.888439e-03	 5.393783e-04	-9.949167e-04	 7.377361e-08	-1.413907e-07	 1.863047e-06	-2.805628e-04	-1.941464e-06	-5.618192e-08	 2.094923e-07	 5.355493e-06	 1.941177e-06	-1.055435e-03	-9.960314e-05	-9.159402e-05	
-3.570400e-07	 3.337907e-06	 1.989033e-04	 1.753350e-06	-1.701144e-14	-2.342846e-06	 2.543570e-06	 2.524367e-09	 8.534690e-06	-3.158291e-03	-5.029055e-05	 5.238699e-04	 1.129172e-03	 4.891811e-03	 6.798517e-03	 1.098698e-02	-1.048464e-03	-9.797492e-04	 2.769777e-04	 4.100244e-04	 9.749395e-04	-1.205599e-04	 3.504472e-05	 6.290984e-04	 5.393783e-04	 6.391968e-03	 7.805851e-03	 1.814584e-07	-4.722248e-07	-1.046257e-06	-7.015357e-05	-4.217520e-06	-1.504225e-07	 1.961111e-07	 5.380065e-06	 4.217101e-06	-1.155633e-03	-1.116970e-04	-8.848125e-05	
-1.802787e-06	 1.059721e-05	-6.238296e-04	 2.086534e-05	 8.935386e-14	 7.194746e-06	-4.940281e-05	 3.399094e-08	-1.566248e-06	-5.054844e-03	 2.590748e-04	-1.882513e-03	 1.863706e-02	 3.149487e-02	 1.864280e-02	 2.756084e-02	-1.467205e-03	-3.493452e-03	 2.441969e-03	 9.212837e-03	 1.599088e-02	-5.363926e-05	-7.074155e-04	 4.325915e-03	-9.949167e-04	 7.805851e-03	 7.215786e-02	-6.024766e-07	-5.820502e-07	 4.675746e-06	 1.401117e-03	-2.244102e-05	-7.594376e-07	 1.164114e-06	 5.076438e-05	 2.242936e-05	-2.921172e-03	-3.041070e-04	-1.645502e-04	
 2.240314e-09	-4.232061e-08	-7.119000e-06	-1.179140e-07	 5.384442e-17	-4.910256e-08	 1.439415e-08	-6.411013e-11	-2.223601e-07	-2.007044e-04	 3.367394e-06	 1.096852e-04	 3.805690e-03	 4.489616e-05	 4.053945e-04	 4.622185e-04	-9.699678e-05	 1.746342e-04	-1.699753e-04	-1.279082e-05	 7.751558e-05	 9.667629e-08	-5.798485e-08	-1.150592e-07	 7.377361e-08	 1.814584e-07	-6.024766e-07	 3.776503e-07	-8.717262e-10	 2.433975e-09	-6.111428e-06	 1.961658e-08	 9.421131e-10	-5.728283e-09	-1.150442e-07	-1.961115e-08	 1.687726e-05	 1.622468e-06	 1.556732e-06	
-1.455537e-09	 6.122151e-08	 1.146014e-05	-2.409991e-08	-4.158104e-16	-1.042183e-07	 1.775489e-08	 6.937859e-11	 3.333591e-07	 7.414890e-04	-1.419195e-06	-4.929614e-05	 6.430589e-04	 1.761071e-04	-3.767221e-04	-1.357450e-03	 1.898482e-05	 1.051799e-05	-3.128088e-05	 4.119700e-04	 9.214681e-04	 8.887258e-08	 7.538364e-09	-3.868057e-08	-1.413907e-07	-4.722248e-07	-5.820502e-07	-8.717262e-10	 3.868610e-07	-4.649850e-10	-8.766523e-06	-2.213834e-08	-6.132720e-10	 6.232153e-09	 3.140203e-08	 2.214007e-08	-2.583167e-05	-2.425263e-06	-2.395159e-06	
 7.738372e-09	-2.441774e-07	-3.992620e-05	-5.321516e-07	 1.930135e-14	-1.623294e-06	 3.586905e-07	-4.327669e-10	-1.133805e-06	 8.245024e-04	 8.664043e-06	-8.757155e-05	 4.700156e-03	 8.570950e-04	 4.846681e-04	 1.153067e-03	 6.734407e-05	 1.509860e-06	-3.162455e-05	-9.429184e-05	 5.469522e-04	 7.058883e-07	 3.397741e-07	-7.976105e-07	 1.863047e-06	-1.046257e-06	 4.675746e-06	 2.433975e-09	-4.649850e-10	 6.238823e-06	-1.676935e-04	 1.330575e-07	 3.274510e-09	-3.094216e-08	 3.120326e-06	-1.330044e-07	 9.862068e-05	 9.380323e-06	 8.946749e-06	
 4.636895e-06	-1.861161e-04	 2.097856e-02	 5.914216e-04	 2.160640e-11	 5.416705e-03	-3.713203e-04	-4.861419e-09	 4.348598e-04	-2.086340e-01	 2.209628e-03	 5.496213e-02	-1.265349e+00	-4.452389e-01	-6.613073e-02	 7.644259e-02	-1.028629e-01	-8.706199e-03	-1.004856e-02	-9.853398e-03	 2.348038e-02	-1.200915e-04	-7.291076e-05	 4.877386e-04	-2.805628e-04	-7.015357e-05	 1.401117e-03	-6.111428e-06	-8.766523e-06	-1.676935e-04	 5.369272e-01	 5.293801e-04	 1.950959e-06	-5.005524e-06	 3.891899e-03	-5.293284e-04	 5.864247e-02	 5.436433e-03	 2.737401e-03	
 2.058227e-07	-1.552355e-06	 1.105808e-03	 4.457608e-06	 1.450902e-14	 6.024139e-06	 3.360031e-06	-1.040562e-09	 2.845829e-05	-5.199400e-04	 1.167995e-05	 1.559189e-04	-2.390054e-03	-1.388611e-03	-1.087462e-04	 3.411208e-04	-2.580120e-04	 1.165831e-05	-1.769951e-05	-1.003822e-04	-8.310489e-05	-1.853222e-06	-3.373525e-09	-1.260080e-06	-1.941464e-06	-4.217520e-06	-2.244102e-05	 1.961658e-08	-2.213834e-08	 1.330575e-07	 5.293801e-04	 1.177503e-05	 8.661797e-08	 1.034121e-07	-2.100884e-06	-1.177234e-05	 8.280121e-05	 9.735731e-06	-5.762993e-05	
 8.144015e-09	 2.261448e-08	 1.774999e-05	-1.826811e-08	 1.531417e-17	 3.394910e-08	 2.695906e-07	-7.822732e-11	 4.940989e-07	-2.074343e-05	 4.500627e-07	 5.839680e-06	-9.420537e-05	-4.402692e-05	 2.224515e-07	 1.752593e-05	-1.083804e-05	-1.067620e-06	-3.312879e-06	-4.064215e-06	-6.482094e-07	-2.904159e-08	-1.011965e-08	-2.122816e-08	-5.618192e-08	-1.504225e-07	-7.594376e-07	 9.421131e-10	-6.132720e-10	 3.274510e-09	 1.950959e-06	 8.661797e-08	 3.427773e-09	-6.014101e-10	 8.888434e-09	-8.655825e-08	-1.821577e-05	-1.514926e-06	-2.200308e-06	
-1.425334e-09	 5.232230e-07	 1.358964e-04	 6.381062e-07	 6.443565e-16	-1.580408e-07	-9.105885e-07	 1.059711e-09	 3.939940e-06	 2.382640e-04	-4.671548e-06	-5.445145e-05	 1.019262e-03	 4.725544e-04	 7.481778e-05	-1.226757e-04	 1.185110e-04	 1.066763e-05	 2.492061e-05	 1.043508e-05	-7.352726e-05	-3.764941e-08	 8.236340e-08	-5.514044e-08	 2.094923e-07	 1.961111e-07	 1.164114e-06	-5.728283e-09	 6.232153e-09	-3.094216e-08	-5.005524e-06	 1.034121e-07	-6.014101e-10	 1.398794e-07	 1.328181e-06	-1.034546e-07	-2.287999e-04	-2.232856e-05	-2.388929e-05	
 2.112361e-08	 1.134662e-05	 2.433058e-03	 1.290626e-05	 1.865260e-13	 3.679348e-05	-5.046980e-06	 1.663031e-08	 7.192441e-05	 1.743523e-03	-1.758830e-05	-5.028079e-04	 5.964619e-03	 6.542224e-03	 4.020095e-03	 3.164776e-03	 4.705153e-04	 5.922966e-05	-7.718059e-05	-2.358061e-04	-3.227815e-04	 1.861102e-07	 8.382811e-07	 2.874539e-06	 5.355493e-06	 5.380065e-06	 5.076438e-05	-1.150442e-07	 3.140203e-08	 3.120326e-06	 3.891899e-03	-2.100884e-06	 8.888434e-09	 1.328181e-06	 6.152087e-05	 2.100754e-06	-4.998679e-03	-4.665163e-04	-4.768520e-04	
-2.056809e-07	 1.553734e-06	-1.105123e-03	-4.459393e-06	-1.451802e-14	-6.023574e-06	-3.343724e-06	 1.035802e-09	-2.843907e-05	 5.201351e-04	-1.168035e-05	-1.560080e-04	 2.391219e-03	 1.389584e-03	 1.093188e-04	-3.407207e-04	 2.580950e-04	-1.167761e-05	 1.766407e-05	 1.003204e-04	 8.293797e-05	 1.853244e-06	 3.215919e-09	 1.259688e-06	 1.941177e-06	 4.217101e-06	 2.242936e-05	-1.961115e-08	 2.214007e-08	-1.330044e-07	-5.293284e-04	-1.177234e-05	-8.655825e-08	-1.034546e-07	 2.100754e-06	 1.176966e-05	-8.363019e-05	-9.807689e-06	 5.753679e-05	
-4.326715e-05	-3.094004e-03	-7.320079e-01	-9.057063e-04	 4.982475e-12	 1.096004e-03	-4.742497e-03	-2.097646e-06	-2.146078e-02	-9.825167e-01	 1.720289e-02	 2.652122e-01	-4.555653e+00	-2.455446e+00	-6.818844e-01	 1.494607e-01	-4.966688e-01	-3.006467e-02	-6.478119e-02	-1.607103e-02	 3.193935e-01	-1.072470e-04	-1.100521e-04	 3.429798e-04	-1.055435e-03	-1.155633e-03	-2.921172e-03	 1.687726e-05	-2.583167e-05	 9.862068e-05	 5.864247e-02	 8.280121e-05	-1.821577e-05	-2.287999e-04	-4.998679e-03	-8.363019e-05	 1.418449e+00	 1.299993e-01	 1.365232e-01	
-3.598312e-06	-2.844984e-04	-6.696251e-02	-8.990829e-05	 4.418849e-13	 1.021189e-04	-4.064697e-04	-2.048672e-07	-1.963742e-03	-9.214608e-02	 1.622620e-03	 2.475948e-02	-4.261357e-01	-2.285178e-01	-6.234180e-02	 1.557020e-02	-4.656868e-02	-2.875174e-03	-6.252496e-03	-1.716612e-03	 2.964644e-02	-1.024850e-05	-1.124929e-05	 3.081567e-05	-9.960314e-05	-1.116970e-04	-3.041070e-04	 1.622468e-06	-2.425263e-06	 9.380323e-06	 5.436433e-03	 9.735731e-06	-1.514926e-06	-2.232856e-05	-4.665163e-04	-9.807689e-06	 1.299993e-01	 1.193606e-02	 1.251633e-02	
-5.226770e-06	-2.905781e-04	-7.693393e-02	-1.166229e-04	 3.872625e-13	 7.283477e-05	-4.601016e-04	-2.037412e-07	-2.233418e-03	-9.292156e-02	 1.618552e-03	 2.488106e-02	-4.299287e-01	-2.303723e-01	-6.488953e-02	 1.363456e-02	-4.695254e-02	-3.020198e-03	-6.310405e-03	-1.083623e-03	 3.155399e-02	 3.429287e-07	-1.135556e-05	 4.008021e-05	-9.159402e-05	-8.848125e-05	-1.645502e-04	 1.556732e-06	-2.395159e-06	 8.946749e-06	 2.737401e-03	-5.762993e-05	-2.200308e-06	-2.388929e-05	-4.768520e-04	 5.753679e-05	 1.365232e-01	 1.251633e-02	 1.352055e-02	
